82.59
97.3308
83.03
85.7585
104.59
122.2
89.58
86.47
87.57
94.5786
75.59
104.8214
81.4
97.2
104.8319
84.5037
84.512
96.6989
76.2859
89.4012
111.789
76.2875
77.436
116.12
93.37
122.4443
92.2
81.519
101.8313
85.881
111.52
83.57
71.8023
76.473
71.25
85.3097
123.06
96.7283
123.0351
123.0868
105.0844
93.17
96.9389
77.0469
89.094
81.7982
87.3595
84.1916
96.8236
76.3452
83.0147
112.0011
81.03
83.0302
72.9279
79.9311
104.9719
91.6656
73.5387
122.2348
97.11331
86.3903
83.743
111.6585
96.7898
84.5555
105.0875
105.0372
111.9391
71.4548
108.5007
71.3162
104.6091
71.1097
104.8772
80.0131
88.0133
105.17
90.5776
95.286
96.9942
95.3011
83.6875
79.9414
82.9196
100.437
122.2079
104.7091
76.2983
83.1763
70.9342
83.3527
71.0184
71.0023
120.5059
122.3126
70.9495
114.6277
95.2353
111.839