39.59
32.7555
42.2
38.2527
39.44
47.37
35.07
36.1
43.03
39.0997
36.51
38.8339
41.29
37.41
39.7294
38.0406
39.1031
33.0198
36.8508
43.0731
33.3528
36.7682
37.5407
43.37
41.35
47.2529
34.44
41.0814
35.222
42.9634
40.45
35.58
42.2626
37.0871
41.49
35.0456
49.15
43.5473
44.9429
44.0521
40.5853
37.12
33.1983
38.8048
42.2711
41.482
36.5298
39.7589
33.1507
37.0299
42.5145
40.6916
34
42.5803
41.3083
32.7765
39.868
41.9779
41.0534
47.3809
33.2148
35.8456
42.2808
40.2338
46.8772
42.7325
39.8028
39.8367
40.6097
42.9956
45.7833
42.6334
38.2544
42.3736
39.5807
32.8771
44.5133
40.01
41.5236
29.5636
33.0462
32.3513
43.0125
37.271
42.5869
31.4638
47.4797
40.4233
36.8354
42.3223
41.6362
42.3684
42.0834
42.2529
46.6021
47.3223
42.4668
32.6927
38.9717
40.565